7...82394..65497.84.9173.6.1..82.549.94361.2..2.9.463.9..4381.6.517..48...8.1.9.3


                                                                      1234567890
1234567890
          1234567890
                    1234567890
                              1234567890
                                        1234567890
                                                  1234567890
                                                            1234567890
                                                                      1234567890